{
 "cells": [
  {
   "cell_type": "markdown",
   "metadata": {},
   "source": [
    "# DX 602 Final Project"
   ]
  },
  {
   "cell_type": "markdown",
   "metadata": {},
   "source": [
    "## Introduction\n",
    "\n",
    "In this project, you will practice the skills that you have learned throughout this module with a heavy focus on building models.\n",
    "Most of the problems and questions are open ended compared to your previous homeworks, and you will be asked to explain your choices.\n",
    "Most of them will have a particular type of solution implied, but it is up to you to figure out the details based on what you have learned in this module."
   ]
  },
  {
   "cell_type": "markdown",
   "metadata": {},
   "source": [
    "## Instructions\n",
    "\n",
    "Each problem asks you to perform build models, run a computation, or otherwise perform some analysis of the data, and usually answer some questions about the results.\n",
    "Make sure that your question answers are well supported by your analysis and explanations; simply stating an answer without support will earn minimal points.\n",
    "\n",
    "Notebook cells for code and text have been added for your convenience, but feel free to add additional cells."
   ]
  },
  {
   "cell_type": "markdown",
   "metadata": {},
   "source": [
    "## Example Code\n",
    "\n",
    "You may find it helpful to refer to this GitHub repository of Jupyter notebooks for example code.\n",
    "\n",
    "* https://github.com/bu-cds-omds/dx601-examples\n",
    "* https://github.com/bu-cds-omds/dx602-examples\n",
    "\n",
    "Any calculations demonstrated in code examples or videos may be found in these notebooks, and you are allowed to copy this example code in your homework answers."
   ]
  },
  {
   "cell_type": "markdown",
   "metadata": {},
   "source": [
    "## Submission\n",
    "\n",
    "This project will be entirely manually graded.\n",
    "However, we may rerun some or all of your code to confirm that it works as described."
   ]
  },
  {
   "cell_type": "markdown",
   "metadata": {},
   "source": [
    "### Late Policy\n",
    "\n",
    "The normal homework late policy for OMDS does not apply to this project.\n",
    "Boston University requires final grades to be submitted within 72 hours of class instruction ending, so we cannot accommodate 5 days of late submissions.\n",
    "\n",
    "However, we have delayed the due date of this project to be substantially later than necessary given its scope, and given you more days for submission with full credit than you would have had days for submission with partial credit under the homework late policy.\n",
    "The Thanksgiving holiday was also taken into account in setting the deadline.\n",
    "Finally, the deadlines for DX 601 and DX 602 were coordinated to be a week apart while giving ample time for both of their projects."
   ]
  },
  {
   "cell_type": "markdown",
   "metadata": {},
   "source": [
    "## Shared Imports\n",
    "\n",
    "For this project, you are forbidden to use modules that were not loaded in this template.\n",
    "While other modules are handy in practice, modules that trivialize these problems interfere with our assessment of your own knowledge and skills.\n",
    "\n",
    "If you believe a module covered in the course material (not live sessions) is missing, please check with your learning facilitator."
   ]
  },
  {
   "cell_type": "code",
   "execution_count": 1,
   "metadata": {},
   "outputs": [],
   "source": [
    "import math\n",
    "import sys"
   ]
  },
  {
   "cell_type": "code",
   "execution_count": 2,
   "metadata": {},
   "outputs": [],
   "source": [
    "import matplotlib.pyplot as plt\n",
    "import numpy as np\n",
    "import pandas as pd\n",
    "import scipy.stats\n",
    "import sklearn.linear_model"
   ]
  },
  {
   "cell_type": "markdown",
   "metadata": {},
   "source": [
    "## Problems"
   ]
  },
  {
   "cell_type": "markdown",
   "metadata": {},
   "source": [
    "### Problem 1 (5 points)\n",
    "\n",
    "Pick one of the following data sets to analyze in this project.\n",
    "Load the data set, and show a random sample of 10 rows.\n",
    "\n",
    "* [Wine Quality](https://archive.ics.uci.edu/dataset/186/wine+quality) ([PMLB - red subset only](https://github.com/EpistasisLab/pmlb/tree/master/datasets/wine_quality_red))\n",
    "* [Body Fat](https://www.openml.org/search?type=data&status=active&id=560) ([PMLB](https://github.com/EpistasisLab/pmlb/tree/master/datasets/560_bodyfat))\n",
    "\n",
    "The PMLB copies of the data are generally cleaner and recommended for this project, but the other links are provided to give you more context.\n",
    "To load the data from the PMLB Github repository, navigate to the `.tsv.gz` file in GitHub and copy the link from the \"Raw\" button.\n",
    "\n",
    "If the dataset has missing data, you should drop the rows with missing data before proceeding.\n",
    "If the data set you choose has more than ten columns, you may limit later analysis that is requested per column to just the first ten columns."
   ]
  },
  {
   "cell_type": "code",
   "execution_count": 3,
   "metadata": {},
   "outputs": [
    {
     "name": "stdout",
     "output_type": "stream",
     "text": [
      "     Density   Age  Weight  Height       Neck       Chest     Abdomen  \\\n",
      "224   1.0740  55.0  179.75   68.75  41.099998  106.900002   95.300003   \n",
      "72    1.0796  56.0  160.75   73.75  36.400002   93.599998   82.900002   \n",
      "44    1.0814  39.0  125.25   68.00  31.500000   85.099998   76.000000   \n",
      "222   1.0726  54.0  161.75   67.50  37.400002   94.199997   87.599998   \n",
      "11    1.0812  27.0  216.00   76.00  39.400002  103.599998   90.900002   \n",
      "53    1.0848  49.0  152.75   73.50  35.099998   93.300003   79.599998   \n",
      "243   1.0256  67.0  227.75   72.75  41.299999  115.800003  113.400002   \n",
      "84    1.0378  72.0  168.00   69.25  38.500000  101.400002   99.800003   \n",
      "230   1.0745  57.0  147.75   65.75  35.200001   99.599998   86.400002   \n",
      "172   1.0521  35.0  177.25   71.00  38.400002  100.500000   90.300003   \n",
      "\n",
      "            Hip      Thigh       Knee      Ankle     Biceps    Forearm  \\\n",
      "224   98.199997  57.400002  37.099998  21.799999  34.099998  31.100000   \n",
      "72    96.300003  52.900002  37.500000  23.100000  29.700001  27.299999   \n",
      "44    88.199997  50.000000  34.700001  21.000000  26.100000  23.100000   \n",
      "222   95.599998  59.700001  40.200001  23.400000  27.900000  27.000000   \n",
      "11   107.699997  66.199997  39.200001  25.900000  37.200001  30.200001   \n",
      "53    91.599998  52.599998  37.599998  22.600000  38.500000  27.400000   \n",
      "243  109.800003  65.599998  46.000000  25.400000  35.299999  29.799999   \n",
      "84    96.199997  56.299999  36.599998  22.000000  29.700001  26.299999   \n",
      "230   90.099998  53.000000  35.000000  21.299999  31.700001  27.299999   \n",
      "172   98.699997  57.799999  37.299999  22.400000  31.000000  28.700001   \n",
      "\n",
      "         Wrist     target  \n",
      "224  19.200001  10.900000  \n",
      "72   18.200001   8.500000  \n",
      "44   16.100000   7.700000  \n",
      "222  17.799999  11.500000  \n",
      "11   19.000000   7.800000  \n",
      "53   18.500000   6.300000  \n",
      "243  19.500000  32.599998  \n",
      "84   18.000000  27.000000  \n",
      "230  16.900000  10.600000  \n",
      "172  17.700001  20.500000  \n"
     ]
    }
   ],
   "source": [
    "data = \"https://github.com/EpistasisLab/pmlb/raw/refs/heads/master/datasets/560_bodyfat/560_bodyfat.tsv.gz\"\n",
    "df = pd.read_csv(data, sep=\"\\t\")\n",
    "df_sample = df.sample(n=10)\n",
    "print(df_sample)"
   ]
  },
  {
   "cell_type": "markdown",
   "metadata": {},
   "source": [
    "### Problem 2 (10 points)\n",
    "\n",
    "List all of the columns and describe them in your own words."
   ]
  },
  {
   "cell_type": "code",
   "execution_count": 4,
   "metadata": {},
   "outputs": [
    {
     "name": "stdout",
     "output_type": "stream",
     "text": [
      "Density\n",
      "Age\n",
      "Weight\n",
      "Height\n",
      "Neck\n",
      "Chest\n",
      "Abdomen\n",
      "Hip\n",
      "Thigh\n",
      "Knee\n",
      "Ankle\n",
      "Biceps\n",
      "Forearm\n",
      "Wrist\n",
      "target\n"
     ]
    }
   ],
   "source": [
    "for col in df_sample.columns:\n",
    "    print(col)"
   ]
  },
  {
   "cell_type": "markdown",
   "metadata": {},
   "source": [
    "### Column Descriptions\n",
    "- Density: The measured body density of the individual.\n",
    "- Age: The person’s age in years.\n",
    "- Weight: Body weight measured in pounds.\n",
    "- Height: The individual’s height in inches.\n",
    "- Neck: Neck circumference measured at the narrowest point, in centimeters.\n",
    "- Chest: Chest circumference measured at the nipple line, in centimeters.\n",
    "- Abdomen: Abdominal circumference at the level of the navel, in centimeters. \n",
    "- Hip: Hip circumference measured at the widest part, in centimeters.\n",
    "- Thigh: Thigh circumference measured at the thickest region, in centimeters.\n",
    "- Knee: Knee circumference measured over the kneecap, in centimeters.\n",
    "- Ankle: Ankle circumference measured above the ankle bone, in centimeters.\n",
    "- Biceps: Flexed biceps circumference, in centimeters.\n",
    "- Forearm: Forearm circumference at the widest point, in centimeters.\n",
    "- Wrist: Wrist circumference measured at the narrowest point, in centimeters.\n",
    "- target: The estimated body fat percentage for the individual.\n"
   ]
  },
  {
   "cell_type": "markdown",
   "metadata": {},
   "source": [
    "### Problem 3 (50 points)\n",
    "\n",
    "Perform an exploratory analysis of the data set.\n",
    "After your exploratory analysis, pick 3 individual charts that you the think were particularly interesting.\n",
    "Repeat those charts separately from your original analysis, and after each of those charts, explain what you thought was noteworthy."
   ]
  },
  {
   "cell_type": "code",
   "execution_count": 4,
   "metadata": {},
   "outputs": [
    {
     "name": "stdout",
     "output_type": "stream",
     "text": [
      "(252, 15)\n",
      "Density    float64\n",
      "Age        float64\n",
      "Weight     float64\n",
      "Height     float64\n",
      "Neck       float64\n",
      "Chest      float64\n",
      "Abdomen    float64\n",
      "Hip        float64\n",
      "Thigh      float64\n",
      "Knee       float64\n",
      "Ankle      float64\n",
      "Biceps     float64\n",
      "Forearm    float64\n",
      "Wrist      float64\n",
      "target     float64\n",
      "dtype: object\n"
     ]
    },
    {
     "data": {
      "text/html": [
       "<div>\n",
       "<style scoped>\n",
       "    .dataframe tbody tr th:only-of-type {\n",
       "        vertical-align: middle;\n",
       "    }\n",
       "\n",
       "    .dataframe tbody tr th {\n",
       "        vertical-align: top;\n",
       "    }\n",
       "\n",
       "    .dataframe thead th {\n",
       "        text-align: right;\n",
       "    }\n",
       "</style>\n",
       "<table border=\"1\" class=\"dataframe\">\n",
       "  <thead>\n",
       "    <tr style=\"text-align: right;\">\n",
       "      <th></th>\n",
       "      <th>Density</th>\n",
       "      <th>Age</th>\n",
       "      <th>Weight</th>\n",
       "      <th>Height</th>\n",
       "      <th>Neck</th>\n",
       "      <th>Chest</th>\n",
       "      <th>Abdomen</th>\n",
       "      <th>Hip</th>\n",
       "      <th>Thigh</th>\n",
       "      <th>Knee</th>\n",
       "      <th>Ankle</th>\n",
       "      <th>Biceps</th>\n",
       "      <th>Forearm</th>\n",
       "      <th>Wrist</th>\n",
       "      <th>target</th>\n",
       "    </tr>\n",
       "  </thead>\n",
       "  <tbody>\n",
       "    <tr>\n",
       "      <th>0</th>\n",
       "      <td>1.0708</td>\n",
       "      <td>23.0</td>\n",
       "      <td>154.25</td>\n",
       "      <td>67.75</td>\n",
       "      <td>36.200001</td>\n",
       "      <td>93.099998</td>\n",
       "      <td>85.199997</td>\n",
       "      <td>94.500000</td>\n",
       "      <td>59.000000</td>\n",
       "      <td>37.299999</td>\n",
       "      <td>21.900000</td>\n",
       "      <td>32.000000</td>\n",
       "      <td>27.400000</td>\n",
       "      <td>17.100000</td>\n",
       "      <td>12.300000</td>\n",
       "    </tr>\n",
       "    <tr>\n",
       "      <th>1</th>\n",
       "      <td>1.0853</td>\n",
       "      <td>22.0</td>\n",
       "      <td>173.25</td>\n",
       "      <td>72.25</td>\n",
       "      <td>38.500000</td>\n",
       "      <td>93.599998</td>\n",
       "      <td>83.000000</td>\n",
       "      <td>98.699997</td>\n",
       "      <td>58.700001</td>\n",
       "      <td>37.299999</td>\n",
       "      <td>23.400000</td>\n",
       "      <td>30.500000</td>\n",
       "      <td>28.900000</td>\n",
       "      <td>18.200001</td>\n",
       "      <td>6.100000</td>\n",
       "    </tr>\n",
       "    <tr>\n",
       "      <th>2</th>\n",
       "      <td>1.0414</td>\n",
       "      <td>22.0</td>\n",
       "      <td>154.00</td>\n",
       "      <td>66.25</td>\n",
       "      <td>34.000000</td>\n",
       "      <td>95.800003</td>\n",
       "      <td>87.900002</td>\n",
       "      <td>99.199997</td>\n",
       "      <td>59.599998</td>\n",
       "      <td>38.900002</td>\n",
       "      <td>24.000000</td>\n",
       "      <td>28.799999</td>\n",
       "      <td>25.200001</td>\n",
       "      <td>16.600000</td>\n",
       "      <td>25.299999</td>\n",
       "    </tr>\n",
       "    <tr>\n",
       "      <th>3</th>\n",
       "      <td>1.0751</td>\n",
       "      <td>26.0</td>\n",
       "      <td>184.75</td>\n",
       "      <td>72.25</td>\n",
       "      <td>37.400002</td>\n",
       "      <td>101.800003</td>\n",
       "      <td>86.400002</td>\n",
       "      <td>101.199997</td>\n",
       "      <td>60.099998</td>\n",
       "      <td>37.299999</td>\n",
       "      <td>22.799999</td>\n",
       "      <td>32.400002</td>\n",
       "      <td>29.400000</td>\n",
       "      <td>18.200001</td>\n",
       "      <td>10.400000</td>\n",
       "    </tr>\n",
       "    <tr>\n",
       "      <th>4</th>\n",
       "      <td>1.0340</td>\n",
       "      <td>24.0</td>\n",
       "      <td>184.25</td>\n",
       "      <td>71.25</td>\n",
       "      <td>34.400002</td>\n",
       "      <td>97.300003</td>\n",
       "      <td>100.000000</td>\n",
       "      <td>101.900002</td>\n",
       "      <td>63.200001</td>\n",
       "      <td>42.200001</td>\n",
       "      <td>24.000000</td>\n",
       "      <td>32.200001</td>\n",
       "      <td>27.700001</td>\n",
       "      <td>17.700001</td>\n",
       "      <td>28.700001</td>\n",
       "    </tr>\n",
       "  </tbody>\n",
       "</table>\n",
       "</div>"
      ],
      "text/plain": [
       "   Density   Age  Weight  Height       Neck       Chest     Abdomen  \\\n",
       "0   1.0708  23.0  154.25   67.75  36.200001   93.099998   85.199997   \n",
       "1   1.0853  22.0  173.25   72.25  38.500000   93.599998   83.000000   \n",
       "2   1.0414  22.0  154.00   66.25  34.000000   95.800003   87.900002   \n",
       "3   1.0751  26.0  184.75   72.25  37.400002  101.800003   86.400002   \n",
       "4   1.0340  24.0  184.25   71.25  34.400002   97.300003  100.000000   \n",
       "\n",
       "          Hip      Thigh       Knee      Ankle     Biceps    Forearm  \\\n",
       "0   94.500000  59.000000  37.299999  21.900000  32.000000  27.400000   \n",
       "1   98.699997  58.700001  37.299999  23.400000  30.500000  28.900000   \n",
       "2   99.199997  59.599998  38.900002  24.000000  28.799999  25.200001   \n",
       "3  101.199997  60.099998  37.299999  22.799999  32.400002  29.400000   \n",
       "4  101.900002  63.200001  42.200001  24.000000  32.200001  27.700001   \n",
       "\n",
       "       Wrist     target  \n",
       "0  17.100000  12.300000  \n",
       "1  18.200001   6.100000  \n",
       "2  16.600000  25.299999  \n",
       "3  18.200001  10.400000  \n",
       "4  17.700001  28.700001  "
      ]
     },
     "metadata": {},
     "output_type": "display_data"
    }
   ],
   "source": [
    "print(df.shape)\n",
    "print(df.dtypes)\n",
    "display(df.head())"
   ]
  },
  {
   "cell_type": "code",
   "execution_count": 5,
   "metadata": {},
   "outputs": [
    {
     "name": "stdout",
     "output_type": "stream",
     "text": [
      "Density    0\n",
      "Age        0\n",
      "Weight     0\n",
      "Height     0\n",
      "Neck       0\n",
      "Chest      0\n",
      "Abdomen    0\n",
      "Hip        0\n",
      "Thigh      0\n",
      "Knee       0\n",
      "Ankle      0\n",
      "Biceps     0\n",
      "Forearm    0\n",
      "Wrist      0\n",
      "target     0\n",
      "dtype: int64\n"
     ]
    }
   ],
   "source": [
    "print(df.isna().sum())"
   ]
  },
  {
   "cell_type": "code",
   "execution_count": 6,
   "metadata": {},
   "outputs": [
    {
     "data": {
      "text/html": [
       "<div>\n",
       "<style scoped>\n",
       "    .dataframe tbody tr th:only-of-type {\n",
       "        vertical-align: middle;\n",
       "    }\n",
       "\n",
       "    .dataframe tbody tr th {\n",
       "        vertical-align: top;\n",
       "    }\n",
       "\n",
       "    .dataframe thead th {\n",
       "        text-align: right;\n",
       "    }\n",
       "</style>\n",
       "<table border=\"1\" class=\"dataframe\">\n",
       "  <thead>\n",
       "    <tr style=\"text-align: right;\">\n",
       "      <th></th>\n",
       "      <th>Density</th>\n",
       "      <th>Age</th>\n",
       "      <th>Weight</th>\n",
       "      <th>Height</th>\n",
       "      <th>Neck</th>\n",
       "      <th>Chest</th>\n",
       "      <th>Abdomen</th>\n",
       "      <th>Hip</th>\n",
       "      <th>Thigh</th>\n",
       "      <th>Knee</th>\n",
       "      <th>Ankle</th>\n",
       "      <th>Biceps</th>\n",
       "      <th>Forearm</th>\n",
       "      <th>Wrist</th>\n",
       "      <th>target</th>\n",
       "    </tr>\n",
       "  </thead>\n",
       "  <tbody>\n",
       "    <tr>\n",
       "      <th>count</th>\n",
       "      <td>252.000000</td>\n",
       "      <td>252.000000</td>\n",
       "      <td>252.000000</td>\n",
       "      <td>252.000000</td>\n",
       "      <td>252.000000</td>\n",
       "      <td>252.000000</td>\n",
       "      <td>252.000000</td>\n",
       "      <td>252.000000</td>\n",
       "      <td>252.000000</td>\n",
       "      <td>252.000000</td>\n",
       "      <td>252.000000</td>\n",
       "      <td>252.000000</td>\n",
       "      <td>252.000000</td>\n",
       "      <td>252.000000</td>\n",
       "      <td>252.000000</td>\n",
       "    </tr>\n",
       "    <tr>\n",
       "      <th>mean</th>\n",
       "      <td>1.055574</td>\n",
       "      <td>44.884921</td>\n",
       "      <td>178.924405</td>\n",
       "      <td>70.148810</td>\n",
       "      <td>37.992064</td>\n",
       "      <td>100.824206</td>\n",
       "      <td>92.555952</td>\n",
       "      <td>99.904762</td>\n",
       "      <td>59.405952</td>\n",
       "      <td>38.590476</td>\n",
       "      <td>23.102381</td>\n",
       "      <td>32.273413</td>\n",
       "      <td>28.663889</td>\n",
       "      <td>18.229762</td>\n",
       "      <td>19.150794</td>\n",
       "    </tr>\n",
       "    <tr>\n",
       "      <th>std</th>\n",
       "      <td>0.019031</td>\n",
       "      <td>12.602040</td>\n",
       "      <td>29.389160</td>\n",
       "      <td>3.662856</td>\n",
       "      <td>2.430913</td>\n",
       "      <td>8.430476</td>\n",
       "      <td>10.783077</td>\n",
       "      <td>7.164058</td>\n",
       "      <td>5.249952</td>\n",
       "      <td>2.411804</td>\n",
       "      <td>1.694894</td>\n",
       "      <td>3.021274</td>\n",
       "      <td>2.020691</td>\n",
       "      <td>0.933585</td>\n",
       "      <td>8.368740</td>\n",
       "    </tr>\n",
       "    <tr>\n",
       "      <th>min</th>\n",
       "      <td>0.995000</td>\n",
       "      <td>22.000000</td>\n",
       "      <td>118.500000</td>\n",
       "      <td>29.500000</td>\n",
       "      <td>31.100000</td>\n",
       "      <td>79.300003</td>\n",
       "      <td>69.400002</td>\n",
       "      <td>85.000000</td>\n",
       "      <td>47.200001</td>\n",
       "      <td>33.000000</td>\n",
       "      <td>19.100000</td>\n",
       "      <td>24.799999</td>\n",
       "      <td>21.000000</td>\n",
       "      <td>15.800000</td>\n",
       "      <td>0.000000</td>\n",
       "    </tr>\n",
       "    <tr>\n",
       "      <th>25%</th>\n",
       "      <td>1.041400</td>\n",
       "      <td>35.750000</td>\n",
       "      <td>159.000000</td>\n",
       "      <td>68.250000</td>\n",
       "      <td>36.400002</td>\n",
       "      <td>94.350000</td>\n",
       "      <td>84.574999</td>\n",
       "      <td>95.500000</td>\n",
       "      <td>56.000000</td>\n",
       "      <td>36.975000</td>\n",
       "      <td>22.000000</td>\n",
       "      <td>30.200001</td>\n",
       "      <td>27.299999</td>\n",
       "      <td>17.600000</td>\n",
       "      <td>12.475000</td>\n",
       "    </tr>\n",
       "    <tr>\n",
       "      <th>50%</th>\n",
       "      <td>1.054900</td>\n",
       "      <td>43.000000</td>\n",
       "      <td>176.500000</td>\n",
       "      <td>70.000000</td>\n",
       "      <td>38.000000</td>\n",
       "      <td>99.649998</td>\n",
       "      <td>90.950001</td>\n",
       "      <td>99.300003</td>\n",
       "      <td>59.000000</td>\n",
       "      <td>38.500000</td>\n",
       "      <td>22.799999</td>\n",
       "      <td>32.049999</td>\n",
       "      <td>28.700001</td>\n",
       "      <td>18.299999</td>\n",
       "      <td>19.200001</td>\n",
       "    </tr>\n",
       "    <tr>\n",
       "      <th>75%</th>\n",
       "      <td>1.070400</td>\n",
       "      <td>54.000000</td>\n",
       "      <td>197.000000</td>\n",
       "      <td>72.250000</td>\n",
       "      <td>39.425001</td>\n",
       "      <td>105.375002</td>\n",
       "      <td>99.324997</td>\n",
       "      <td>103.525000</td>\n",
       "      <td>62.349999</td>\n",
       "      <td>39.925001</td>\n",
       "      <td>24.000000</td>\n",
       "      <td>34.325000</td>\n",
       "      <td>30.000000</td>\n",
       "      <td>18.799999</td>\n",
       "      <td>25.299999</td>\n",
       "    </tr>\n",
       "    <tr>\n",
       "      <th>max</th>\n",
       "      <td>1.108900</td>\n",
       "      <td>81.000000</td>\n",
       "      <td>363.149994</td>\n",
       "      <td>77.750000</td>\n",
       "      <td>51.200001</td>\n",
       "      <td>136.199997</td>\n",
       "      <td>148.100006</td>\n",
       "      <td>147.699997</td>\n",
       "      <td>87.300003</td>\n",
       "      <td>49.099998</td>\n",
       "      <td>33.900002</td>\n",
       "      <td>45.000000</td>\n",
       "      <td>34.900002</td>\n",
       "      <td>21.400000</td>\n",
       "      <td>47.500000</td>\n",
       "    </tr>\n",
       "  </tbody>\n",
       "</table>\n",
       "</div>"
      ],
      "text/plain": [
       "          Density         Age      Weight      Height        Neck       Chest  \\\n",
       "count  252.000000  252.000000  252.000000  252.000000  252.000000  252.000000   \n",
       "mean     1.055574   44.884921  178.924405   70.148810   37.992064  100.824206   \n",
       "std      0.019031   12.602040   29.389160    3.662856    2.430913    8.430476   \n",
       "min      0.995000   22.000000  118.500000   29.500000   31.100000   79.300003   \n",
       "25%      1.041400   35.750000  159.000000   68.250000   36.400002   94.350000   \n",
       "50%      1.054900   43.000000  176.500000   70.000000   38.000000   99.649998   \n",
       "75%      1.070400   54.000000  197.000000   72.250000   39.425001  105.375002   \n",
       "max      1.108900   81.000000  363.149994   77.750000   51.200001  136.199997   \n",
       "\n",
       "          Abdomen         Hip       Thigh        Knee       Ankle      Biceps  \\\n",
       "count  252.000000  252.000000  252.000000  252.000000  252.000000  252.000000   \n",
       "mean    92.555952   99.904762   59.405952   38.590476   23.102381   32.273413   \n",
       "std     10.783077    7.164058    5.249952    2.411804    1.694894    3.021274   \n",
       "min     69.400002   85.000000   47.200001   33.000000   19.100000   24.799999   \n",
       "25%     84.574999   95.500000   56.000000   36.975000   22.000000   30.200001   \n",
       "50%     90.950001   99.300003   59.000000   38.500000   22.799999   32.049999   \n",
       "75%     99.324997  103.525000   62.349999   39.925001   24.000000   34.325000   \n",
       "max    148.100006  147.699997   87.300003   49.099998   33.900002   45.000000   \n",
       "\n",
       "          Forearm       Wrist      target  \n",
       "count  252.000000  252.000000  252.000000  \n",
       "mean    28.663889   18.229762   19.150794  \n",
       "std      2.020691    0.933585    8.368740  \n",
       "min     21.000000   15.800000    0.000000  \n",
       "25%     27.299999   17.600000   12.475000  \n",
       "50%     28.700001   18.299999   19.200001  \n",
       "75%     30.000000   18.799999   25.299999  \n",
       "max     34.900002   21.400000   47.500000  "
      ]
     },
     "metadata": {},
     "output_type": "display_data"
    }
   ],
   "source": [
    "display(df.describe())"
   ]
  },
  {
   "cell_type": "code",
   "execution_count": 11,
   "metadata": {},
   "outputs": [
    {
     "data": {
      "text/html": [
       "<div>\n",
       "<style scoped>\n",
       "    .dataframe tbody tr th:only-of-type {\n",
       "        vertical-align: middle;\n",
       "    }\n",
       "\n",
       "    .dataframe tbody tr th {\n",
       "        vertical-align: top;\n",
       "    }\n",
       "\n",
       "    .dataframe thead th {\n",
       "        text-align: right;\n",
       "    }\n",
       "</style>\n",
       "<table border=\"1\" class=\"dataframe\">\n",
       "  <thead>\n",
       "    <tr style=\"text-align: right;\">\n",
       "      <th></th>\n",
       "      <th>Density</th>\n",
       "      <th>Age</th>\n",
       "      <th>Weight</th>\n",
       "      <th>Height</th>\n",
       "      <th>Neck</th>\n",
       "      <th>Chest</th>\n",
       "      <th>Abdomen</th>\n",
       "      <th>Hip</th>\n",
       "      <th>Thigh</th>\n",
       "      <th>Knee</th>\n",
       "      <th>Ankle</th>\n",
       "      <th>Biceps</th>\n",
       "      <th>Forearm</th>\n",
       "      <th>Wrist</th>\n",
       "      <th>target</th>\n",
       "    </tr>\n",
       "  </thead>\n",
       "  <tbody>\n",
       "    <tr>\n",
       "      <th>Density</th>\n",
       "      <td>1.000000</td>\n",
       "      <td>-0.277637</td>\n",
       "      <td>-0.594062</td>\n",
       "      <td>0.097881</td>\n",
       "      <td>-0.472967</td>\n",
       "      <td>-0.682599</td>\n",
       "      <td>-0.798955</td>\n",
       "      <td>-0.609332</td>\n",
       "      <td>-0.553091</td>\n",
       "      <td>-0.495041</td>\n",
       "      <td>-0.264890</td>\n",
       "      <td>-0.487109</td>\n",
       "      <td>-0.351648</td>\n",
       "      <td>-0.325716</td>\n",
       "      <td>-0.987782</td>\n",
       "    </tr>\n",
       "    <tr>\n",
       "      <th>Age</th>\n",
       "      <td>-0.277637</td>\n",
       "      <td>1.000000</td>\n",
       "      <td>-0.012746</td>\n",
       "      <td>-0.171645</td>\n",
       "      <td>0.113505</td>\n",
       "      <td>0.176450</td>\n",
       "      <td>0.230409</td>\n",
       "      <td>-0.050332</td>\n",
       "      <td>-0.200096</td>\n",
       "      <td>0.017516</td>\n",
       "      <td>-0.105058</td>\n",
       "      <td>-0.041162</td>\n",
       "      <td>-0.085056</td>\n",
       "      <td>0.213531</td>\n",
       "      <td>0.291458</td>\n",
       "    </tr>\n",
       "    <tr>\n",
       "      <th>Weight</th>\n",
       "      <td>-0.594062</td>\n",
       "      <td>-0.012746</td>\n",
       "      <td>1.000000</td>\n",
       "      <td>0.308279</td>\n",
       "      <td>0.830716</td>\n",
       "      <td>0.894190</td>\n",
       "      <td>0.887995</td>\n",
       "      <td>0.940884</td>\n",
       "      <td>0.868694</td>\n",
       "      <td>0.853167</td>\n",
       "      <td>0.613685</td>\n",
       "      <td>0.800416</td>\n",
       "      <td>0.630301</td>\n",
       "      <td>0.729775</td>\n",
       "      <td>0.612414</td>\n",
       "    </tr>\n",
       "    <tr>\n",
       "      <th>Height</th>\n",
       "      <td>0.097881</td>\n",
       "      <td>-0.171645</td>\n",
       "      <td>0.308279</td>\n",
       "      <td>1.000000</td>\n",
       "      <td>0.253710</td>\n",
       "      <td>0.134892</td>\n",
       "      <td>0.087813</td>\n",
       "      <td>0.170394</td>\n",
       "      <td>0.148436</td>\n",
       "      <td>0.286053</td>\n",
       "      <td>0.264744</td>\n",
       "      <td>0.207816</td>\n",
       "      <td>0.228649</td>\n",
       "      <td>0.322065</td>\n",
       "      <td>-0.089495</td>\n",
       "    </tr>\n",
       "    <tr>\n",
       "      <th>Neck</th>\n",
       "      <td>-0.472967</td>\n",
       "      <td>0.113505</td>\n",
       "      <td>0.830716</td>\n",
       "      <td>0.253710</td>\n",
       "      <td>1.000000</td>\n",
       "      <td>0.784835</td>\n",
       "      <td>0.754077</td>\n",
       "      <td>0.734958</td>\n",
       "      <td>0.695697</td>\n",
       "      <td>0.672405</td>\n",
       "      <td>0.477892</td>\n",
       "      <td>0.731146</td>\n",
       "      <td>0.623660</td>\n",
       "      <td>0.744826</td>\n",
       "      <td>0.490592</td>\n",
       "    </tr>\n",
       "    <tr>\n",
       "      <th>Chest</th>\n",
       "      <td>-0.682599</td>\n",
       "      <td>0.176450</td>\n",
       "      <td>0.894190</td>\n",
       "      <td>0.134892</td>\n",
       "      <td>0.784835</td>\n",
       "      <td>1.000000</td>\n",
       "      <td>0.915828</td>\n",
       "      <td>0.829420</td>\n",
       "      <td>0.729859</td>\n",
       "      <td>0.719496</td>\n",
       "      <td>0.482988</td>\n",
       "      <td>0.727907</td>\n",
       "      <td>0.580173</td>\n",
       "      <td>0.660162</td>\n",
       "      <td>0.702620</td>\n",
       "    </tr>\n",
       "    <tr>\n",
       "      <th>Abdomen</th>\n",
       "      <td>-0.798955</td>\n",
       "      <td>0.230409</td>\n",
       "      <td>0.887995</td>\n",
       "      <td>0.087813</td>\n",
       "      <td>0.754077</td>\n",
       "      <td>0.915828</td>\n",
       "      <td>1.000000</td>\n",
       "      <td>0.874066</td>\n",
       "      <td>0.766624</td>\n",
       "      <td>0.737179</td>\n",
       "      <td>0.453223</td>\n",
       "      <td>0.684983</td>\n",
       "      <td>0.503316</td>\n",
       "      <td>0.619832</td>\n",
       "      <td>0.813432</td>\n",
       "    </tr>\n",
       "    <tr>\n",
       "      <th>Hip</th>\n",
       "      <td>-0.609332</td>\n",
       "      <td>-0.050332</td>\n",
       "      <td>0.940884</td>\n",
       "      <td>0.170394</td>\n",
       "      <td>0.734958</td>\n",
       "      <td>0.829420</td>\n",
       "      <td>0.874066</td>\n",
       "      <td>1.000000</td>\n",
       "      <td>0.896410</td>\n",
       "      <td>0.823473</td>\n",
       "      <td>0.558387</td>\n",
       "      <td>0.739273</td>\n",
       "      <td>0.545014</td>\n",
       "      <td>0.630090</td>\n",
       "      <td>0.625201</td>\n",
       "    </tr>\n",
       "    <tr>\n",
       "      <th>Thigh</th>\n",
       "      <td>-0.553091</td>\n",
       "      <td>-0.200096</td>\n",
       "      <td>0.868694</td>\n",
       "      <td>0.148436</td>\n",
       "      <td>0.695697</td>\n",
       "      <td>0.729859</td>\n",
       "      <td>0.766624</td>\n",
       "      <td>0.896410</td>\n",
       "      <td>1.000000</td>\n",
       "      <td>0.799170</td>\n",
       "      <td>0.539797</td>\n",
       "      <td>0.761477</td>\n",
       "      <td>0.566842</td>\n",
       "      <td>0.558685</td>\n",
       "      <td>0.559608</td>\n",
       "    </tr>\n",
       "    <tr>\n",
       "      <th>Knee</th>\n",
       "      <td>-0.495041</td>\n",
       "      <td>0.017516</td>\n",
       "      <td>0.853167</td>\n",
       "      <td>0.286053</td>\n",
       "      <td>0.672405</td>\n",
       "      <td>0.719496</td>\n",
       "      <td>0.737179</td>\n",
       "      <td>0.823473</td>\n",
       "      <td>0.799170</td>\n",
       "      <td>1.000000</td>\n",
       "      <td>0.611608</td>\n",
       "      <td>0.678709</td>\n",
       "      <td>0.555898</td>\n",
       "      <td>0.664507</td>\n",
       "      <td>0.508665</td>\n",
       "    </tr>\n",
       "    <tr>\n",
       "      <th>Ankle</th>\n",
       "      <td>-0.264890</td>\n",
       "      <td>-0.105058</td>\n",
       "      <td>0.613685</td>\n",
       "      <td>0.264744</td>\n",
       "      <td>0.477892</td>\n",
       "      <td>0.482988</td>\n",
       "      <td>0.453223</td>\n",
       "      <td>0.558387</td>\n",
       "      <td>0.539797</td>\n",
       "      <td>0.611608</td>\n",
       "      <td>1.000000</td>\n",
       "      <td>0.484855</td>\n",
       "      <td>0.419050</td>\n",
       "      <td>0.566195</td>\n",
       "      <td>0.265970</td>\n",
       "    </tr>\n",
       "    <tr>\n",
       "      <th>Biceps</th>\n",
       "      <td>-0.487109</td>\n",
       "      <td>-0.041162</td>\n",
       "      <td>0.800416</td>\n",
       "      <td>0.207816</td>\n",
       "      <td>0.731146</td>\n",
       "      <td>0.727907</td>\n",
       "      <td>0.684983</td>\n",
       "      <td>0.739273</td>\n",
       "      <td>0.761477</td>\n",
       "      <td>0.678709</td>\n",
       "      <td>0.484855</td>\n",
       "      <td>1.000000</td>\n",
       "      <td>0.678255</td>\n",
       "      <td>0.632126</td>\n",
       "      <td>0.493271</td>\n",
       "    </tr>\n",
       "    <tr>\n",
       "      <th>Forearm</th>\n",
       "      <td>-0.351648</td>\n",
       "      <td>-0.085056</td>\n",
       "      <td>0.630301</td>\n",
       "      <td>0.228649</td>\n",
       "      <td>0.623660</td>\n",
       "      <td>0.580173</td>\n",
       "      <td>0.503316</td>\n",
       "      <td>0.545014</td>\n",
       "      <td>0.566842</td>\n",
       "      <td>0.555898</td>\n",
       "      <td>0.419050</td>\n",
       "      <td>0.678255</td>\n",
       "      <td>1.000000</td>\n",
       "      <td>0.585588</td>\n",
       "      <td>0.361387</td>\n",
       "    </tr>\n",
       "    <tr>\n",
       "      <th>Wrist</th>\n",
       "      <td>-0.325716</td>\n",
       "      <td>0.213531</td>\n",
       "      <td>0.729775</td>\n",
       "      <td>0.322065</td>\n",
       "      <td>0.744826</td>\n",
       "      <td>0.660162</td>\n",
       "      <td>0.619832</td>\n",
       "      <td>0.630090</td>\n",
       "      <td>0.558685</td>\n",
       "      <td>0.664507</td>\n",
       "      <td>0.566195</td>\n",
       "      <td>0.632126</td>\n",
       "      <td>0.585588</td>\n",
       "      <td>1.000000</td>\n",
       "      <td>0.346575</td>\n",
       "    </tr>\n",
       "    <tr>\n",
       "      <th>target</th>\n",
       "      <td>-0.987782</td>\n",
       "      <td>0.291458</td>\n",
       "      <td>0.612414</td>\n",
       "      <td>-0.089495</td>\n",
       "      <td>0.490592</td>\n",
       "      <td>0.702620</td>\n",
       "      <td>0.813432</td>\n",
       "      <td>0.625201</td>\n",
       "      <td>0.559608</td>\n",
       "      <td>0.508665</td>\n",
       "      <td>0.265970</td>\n",
       "      <td>0.493271</td>\n",
       "      <td>0.361387</td>\n",
       "      <td>0.346575</td>\n",
       "      <td>1.000000</td>\n",
       "    </tr>\n",
       "  </tbody>\n",
       "</table>\n",
       "</div>"
      ],
      "text/plain": [
       "          Density       Age    Weight    Height      Neck     Chest   Abdomen  \\\n",
       "Density  1.000000 -0.277637 -0.594062  0.097881 -0.472967 -0.682599 -0.798955   \n",
       "Age     -0.277637  1.000000 -0.012746 -0.171645  0.113505  0.176450  0.230409   \n",
       "Weight  -0.594062 -0.012746  1.000000  0.308279  0.830716  0.894190  0.887995   \n",
       "Height   0.097881 -0.171645  0.308279  1.000000  0.253710  0.134892  0.087813   \n",
       "Neck    -0.472967  0.113505  0.830716  0.253710  1.000000  0.784835  0.754077   \n",
       "Chest   -0.682599  0.176450  0.894190  0.134892  0.784835  1.000000  0.915828   \n",
       "Abdomen -0.798955  0.230409  0.887995  0.087813  0.754077  0.915828  1.000000   \n",
       "Hip     -0.609332 -0.050332  0.940884  0.170394  0.734958  0.829420  0.874066   \n",
       "Thigh   -0.553091 -0.200096  0.868694  0.148436  0.695697  0.729859  0.766624   \n",
       "Knee    -0.495041  0.017516  0.853167  0.286053  0.672405  0.719496  0.737179   \n",
       "Ankle   -0.264890 -0.105058  0.613685  0.264744  0.477892  0.482988  0.453223   \n",
       "Biceps  -0.487109 -0.041162  0.800416  0.207816  0.731146  0.727907  0.684983   \n",
       "Forearm -0.351648 -0.085056  0.630301  0.228649  0.623660  0.580173  0.503316   \n",
       "Wrist   -0.325716  0.213531  0.729775  0.322065  0.744826  0.660162  0.619832   \n",
       "target  -0.987782  0.291458  0.612414 -0.089495  0.490592  0.702620  0.813432   \n",
       "\n",
       "              Hip     Thigh      Knee     Ankle    Biceps   Forearm     Wrist  \\\n",
       "Density -0.609332 -0.553091 -0.495041 -0.264890 -0.487109 -0.351648 -0.325716   \n",
       "Age     -0.050332 -0.200096  0.017516 -0.105058 -0.041162 -0.085056  0.213531   \n",
       "Weight   0.940884  0.868694  0.853167  0.613685  0.800416  0.630301  0.729775   \n",
       "Height   0.170394  0.148436  0.286053  0.264744  0.207816  0.228649  0.322065   \n",
       "Neck     0.734958  0.695697  0.672405  0.477892  0.731146  0.623660  0.744826   \n",
       "Chest    0.829420  0.729859  0.719496  0.482988  0.727907  0.580173  0.660162   \n",
       "Abdomen  0.874066  0.766624  0.737179  0.453223  0.684983  0.503316  0.619832   \n",
       "Hip      1.000000  0.896410  0.823473  0.558387  0.739273  0.545014  0.630090   \n",
       "Thigh    0.896410  1.000000  0.799170  0.539797  0.761477  0.566842  0.558685   \n",
       "Knee     0.823473  0.799170  1.000000  0.611608  0.678709  0.555898  0.664507   \n",
       "Ankle    0.558387  0.539797  0.611608  1.000000  0.484855  0.419050  0.566195   \n",
       "Biceps   0.739273  0.761477  0.678709  0.484855  1.000000  0.678255  0.632126   \n",
       "Forearm  0.545014  0.566842  0.555898  0.419050  0.678255  1.000000  0.585588   \n",
       "Wrist    0.630090  0.558685  0.664507  0.566195  0.632126  0.585588  1.000000   \n",
       "target   0.625201  0.559608  0.508665  0.265970  0.493271  0.361387  0.346575   \n",
       "\n",
       "           target  \n",
       "Density -0.987782  \n",
       "Age      0.291458  \n",
       "Weight   0.612414  \n",
       "Height  -0.089495  \n",
       "Neck     0.490592  \n",
       "Chest    0.702620  \n",
       "Abdomen  0.813432  \n",
       "Hip      0.625201  \n",
       "Thigh    0.559608  \n",
       "Knee     0.508665  \n",
